[time]
adjust = 0
time_submit = 29:50.0
time_upload = 29:57.15
test_time_submit = 29:15.017583
test_time_upload = 29:22.017583

[position]
submit = 1467,779
input = 1381,782
ok = 1103,900
add = 1471,619

